300
1 486134735
1 551386163
1 681080115
1 98708774
1 107327374
3
3
1 236670782
3
1 389967817
1 204116063
1 478126681
1 680260443
1 984820466
3
2 98708774
1 782542178
3
1 712023942
3
2 782542178
1 694996718
1 673241305
1 581975132
1 966509873
3
1 82622170
1 6824523
1 297347999
1 79888734
2 712023942
2 6824523
1 903846248
1 570831391
1 692638153
1 354554667
2 236670782
1 68589303
1 540278657
2 570831391
1 144832714
2 82622170
1 956558863
1 519333197
1 499751246
1 620424297
2 478126681
2 692638153
1 879009818
1 794153555
2 499751246
1 451712017
1 404709114
1 131127475
1 192496606
1 582086076
2 581975132
1 667323984
1 638407721
1 982685523
1 638989065
2 451712017
2 794153555
1 105722701
1 307203555
2 79888734
1 740239289
1 191360152
1 733989997
3
3
1 108267939
1 905954827
2 905954827
2 966509873
1 537001312
1 91573414
2 404709114
1 374693907
1 555257790
3
3
1 934310808
1 565094492
2 389967817
1 637651148
1 145550036
3
2 582086076
2 297347999
2 105722701
1 60645499
1 71621893
3
1 36027128
1 21524215
3
1 209066737
1 906867757
1 647704007
2 537001312
1 484835857
2 374693907
2 565094492
3
1 589351028
1 592188301
2 667323984
1 307354398
2 204116063
1 55732759
2 191360152
1 676735757
1 304520591
2 673241305
3
3
1 42495012
2 108267939
1 701023352
3
1 184112025
2 21524215
3
1 581670703
2 733989997
3
3
1 993628269
1 89803417
1 116450583
2 903846248
2 307203555
1 413619142
1 915823012
1 584825681
1 595303472
3
2 36027128
2 55732759
3
1 629358971
1 163973893
1 409718984
1 956147824
2 637651148
3
2 519333197
1 914285187
3
1 493480983
1 50124113
1 726995004
2 629358971
1 460763121
1 498452916
1 462496462
1 487192488
1 591444705
3
1 213125082
1 767930201
1 140291567
1 23267931
1 10383372
1 13502676
1 917527727
1 889212809
1 334730238
1 755498254
2 42495012
3
2 726995004
3
1 683036576
1 156853310
3
1 390827611
1 560309946
3
3
1 890659772
3
1 435064098
1 24768847
1 521149788
1 859373665
1 769071501
1 662827896
2 638989065
1 526361268
2 10383372
1 810823230
1 692639486
3
1 909977549
2 592188301
3
2 769071501
1 96570399
2 906867757
1 331795348
1 103562177
1 128350237
1 104999308
3
2 107327374
3
2 163973893
1 468960381
1 315378917
3
1 629359316
1 667119677
2 156853310
1 372796605
1 137146926
2 694996718
1 70878215
3
1 595993163
3
1 960624923
3
1 775078892
1 143625644
2 591444705
3
2 680260443
2 131127475
1 372125720
1 44851042
1 202728905
2 589351028
2 498452916
1 655761896
1 237879408
1 849138076
1 63137630
1 199786347
1 876289328
1 911927718
2 237879408
3
3
2 144832714
1 985994962
2 540278657
3
2 595993163
3
2 128350237
3
1 145113397
2 775078892
1 272398763
1 78407290
2 116450583
1 836508017
1 756070922
1 255086560
3
1 872978432
3
2 915823012
2 145550036
1 320407880
1 926236988
3
3
1 514238977
3
1 313425297
1 754915634
2 956558863
2 13502676
1 21445696
2 681080115
1 154857735
1 81375442
2 435064098
2 890659772
1 628108669
2 984820466
2 526361268
1 703273950
1 704212924
2 692639486
1 595282033
1 749919567
2 154857735
3
1 128432527
2 487192488
1 437447507
2 354554667
1 173513958
1 561778610
1 83856681
1 218721539